9 29
39 45
61 92
99 133
139 147
205 213
223 261
294 339
370 376
382 453
459 527
533 592
600 607
614 640
653 661
688 697
728 745
781 829
844 877
886 924
930 1017
1067 1074
1111 1117
1176 1182
1211 1227
1246 1257
1264 1291
1297 1328
1339 1366
1447 1503
1513 1526
1548 1588
1594 1613
1665 1680
1688 1700
1779 1850
1861 1916
1922 1931
1959 1967
1974 1980
2054 2087
2096 2102
2118 2125
2156 2175
2192 2273
2329 2379
2391 2421
2480 2503
2513 2527
2533 2564
2570 2612
2630 2786
2836 2844
2970 3029
3061 3071
3078 3118
3151 3194
3218 3225
3259 3270
3281 3341
3367 3374
3397 3441
3467 3477
3510 3541
3547 3565
3646 3679
3686 3723
3761 3864
3870 3938
3945 4020
4026 4100
4121 4127
4195 4234
4244 4253
4285 4295
4307 4389
4413 4423
4473 4499
4533 4540
4575 4616
4624 4637
4683 4744
4789 4797
4824 4830
4856 4867
4882 4909
4933 4947
4987 5008
5043 5049
5088 5096
5129 5315
5360 5386
5413 5420
5453 5496
5546 5552
5561 5567
5614 5622
5645 5653
5739 5746
5757 5785
5875 5882
5918 5926
5932 6005
6013 6032
6125 6201
6217 6272
6342 6353
6362 6400
6409 6422
6434 6443
6450 6481
6492 6511
6543 6562
6593 6613
6672 6726
6750 6792
6799 6836
6863 6923
6944 7035
7042 7104
7112 7147
7189 7230
7256 7285
7296 7356
7399 7405
7411 7444
7489 7538
7576 7597
7621 7669
7711 7722
7750 7759
7786 7804
7827 7837
7904 7916
7928 7936
7948 7965
7985 8003
8011 8052
8063 8075
8125 8134
8141 8184
8266 8281
8322 8339
8347 8367
8375 8390
8401 8418
8434 8508
8514 8523
8531 8538
8560 8567
8579 8599
8630 8639
8655 8661
8712 8718
8732 8777
8808 8814
8835 8843
8860 8877
8889 8925
8937 9037
9080 9105
9112 9161
9171 9177
9213 9232
9322 9336
9344 9362
9403 9440
9482 9488
9517 9525
9533 9571
9581 9601
9612 9624
9658 9701
9707 9735
9770 9777
9797 