81 182
225 274
299 306
322 336
366 372
409 416
422 489
495 535
584 596
687 693
886 988
1005 1022
1050 1141
1166 1172
1185 1276
1291 1298
1308 1332
1387 1474
1495 1509
1542 1632
1731 1754
1797 1807
1840 1882
1888 1895
1948 1961
1974 1981
1993 2018
2048 2086
2197 2204
2231 2284
2313 2323
2425 2457
2498 2504
2517 2536
2559 2569
2575 2613
2636 2642
2655 2664
2673 2727
2733 2785
2826 2838
2905 2944
2990 3006
3016 3085
3093 3144
3150 3263
3271 3306
3340 3386
3398 3436
3486 3495
3537 3546
3606 3621
3815 3822
3842 3862
3874 3906
3913 3927
3986 4029
4035 4050
4077 4088
4095 4136
4143 4150
