30 144
178 189
220 248
260 306
313 320
377 429
447 453
483 489
499 526
563 663
742 795
803 826
836 842
927 940
1033 1098
1104 1153
1160 1188
1261 1316
1327 1385
1392 1406
1416 1430
1436 1444
1458 1470
1476 1490
1496 1539
1570 1599
1611 1711
1718 1791
1828 1884
1894 1912
1933 1948
2031 2089
2222 2228
2237 2245
2335 2355
2367 2384
2400 2434
2453 2464
2530 2540
2558 2576
2593 2611
2624 2631
2650 2675
2684 2736
2742 2748
2754 2783
2886 2902
2935 2949
3003 3020
3031 3039
3051 3062
3123 3129
3135 3168
3178 3195
3251 3279
3286 3306
3319 3328
3363 3370
3393 3416
3425 3436
3496 3542
3599 3606
3633 3643
3657 3668
3679 3686
3694 3707
3741 3753
