66 109
116 123
129 160
167 243
249 259
295 323
381 403
410 428
440 480
525 542
556 562
594 600
643 691
738 832
840 865
876 886
915 935
952 958
1001 1007
1061 1069
1075 1081
1115 1127
1162 1171
1213 1220
1244 1266
1272 1286
1416 1441
1459 1485
1491 1536
1564 1596
1603 1613
1642 1653
1674 1684
1696 1705
1735 1742
1799 1839
1846 1869
1894 1934
1942 1979
2020 2026
2072 2085
2091 2100
2162 2168
2182 2197
2209 2217
2245 2350
2364 2412
2420 2431
2492 2543
2551 2596
2614 2640
2650 2660
2682 2689
2724 2732
2751 2792
2849 2866
2895 2931
2942 3018
3035 3044
3107 3117
3128 3154
3197 3219
3226 3236
3247 3283
3310 3367
3406 3444
3463 3489
3563 3587
3606 3622
3642 3651
3661 