15 24
46 53
72 111
118 130
189 203
214 231
277 291
306 348
357 363
398 417
424 430
449 470
479 511
537 563
605 613
636 644
661 668
689 762
771 793
870 878
930 966
989 1014
1020 1032
1118 1141
1166 1202
1279 1308
1328 1356
1445 1491
1498 1512
1543 1558
1663 1669
1707 1722
1756 1837
1848 1888
1900 1906
1922 1931
1938 1945
1955 2009
2073 2082
2173 2181
2188 2201
2207 2308
2357 2403
2431 2445
2451 2459
2533 2566
2654 2695
2755 2763
2769 2898
2918 2953
3009 3029
3091 3122
3133 3144
3154 3203
3238 3246
3257 3271
3277 3299
3305 3311
3323 3356
3375 3414
3420 3437
3494 3505
3513 3525
3548 3554
3598 3604
3614 3642
3678 3703
3741 3748
3775 3864
3880 3893
3925 3936
3965 3976
3986 4019
4058 4136
4148 4181
4188 4232
4238 