9 26
61 111
137 148
191 198
204 211
231 238
263 302
335 343
369 410
417 459
470 477
495 517
523 603
622 643
653 704
750 757
782 789
811 861
867 915
922 954
965 1010
1016 1029
1055 1089
1097 1106
1195 1210
1219 1226
1256 1273
1319 1330
1339 1346
1369 1378
1394 1417
1424 1452
1459 1469
1491 1560
1567 1707
1733 1747
1819 1833
1878 1885
1900 1906
1940 2018
2067 2105
2111 2154
2173 2250
2260 2344
2356 2424
2434 2501
2517 2523
2535 2543
2563 2598
2630 2697
2705 2716
2726 2743
2749 2755
2767 2817
2826 2837
2857 2871
2886 2918
2930 2937
2975 2997
3014 3066
3141 3167
3182 3197
3205 3223
3234 3248
3254 3293
3306 3327
3363 3378
3387 3411
3417 3436
3484 3554
3614 3621
3628 3635
3665 3671
3700 3752
3772 3827
3837 3852
3860 3893
