21 158
180 239
245 251
273 319
333 340
348 386
408 415
426 445
453 500
506 530
566 590
596 623
668 715
775 784
790 866
872 878
949 984
1039 1050
1097 1128
1139 1232
1243 1253
1259 1270
1280 1336
1346 1373
1380 1437
1466 1532
1539 1567
1580 1642
1681 1719
1743 1768
1776 1799
1877 1888
1899 1911
1937 1945
2011 2043
2051 2084
2090 2123
2130 2231
2244 2309
2319 2328
2341 2480
2524 2542
2557 2602
2664 2672
2730 2736
2744 2814
2822 2828
2896 2917
2935 2941
2951 2976
3017 3028
3090 3142
3152 3166
3212 3225
3290 3312
3327 3358
3429 3435
3526 3533
3543 3567
3588 3603
3659 3701
3707 