12 57
63 88
97 128
169 180
197 221
235 305
386 393
404 436
444 459
465 488
494 594
675 703
711 724
777 804
862 874
918 968
988 1007
1039 1051
1074 1084
1096 1121
1156 1177
1210 1217
1237 1261
1267 1326
1382 1430
1454 1461
1498 1531
1537 1554
1560 1661
1708 1717
1743 1749
1760 1814
1824 1841
1888 1897
1920 1926
1943 1972
2073 2107
2139 2154
2176 2188
2267 2311
2318 2332
2344 2369
2407 2431
2437 2504
2554 2600
2608 2616
2664 2707
2714 2762
2798 2807
2831 2841
2888 2918
2941 2949
2969 2975
2990 3000
3023 3030
3044 3052
3058 3065
3096 3103
3114 3126
3142 3167
3186 3229
3237 3259
3269 3276
3286 3350
3359 3367
3393 3417
3424 3451
3496 3554
3588 3746
3762 3775
3804 3811
3827 