47 58
96 135
194 263
380 397
406 439
451 471
495 513
597 615
625 645
654 705
711 733
772 791
803 876
929 1037
1048 1061
1084 1091
1131 1161
1175 1184
1245 1268
1285 1316
1331 1341
1365 1371
1387 1401
1419 1456
1464 1519
1548 1559
1570 1585
1594 1619
1643 1668
1688 1696
1716 1776
1782 1818
1842 1869
1880 1908
1951 1962
1969 1994
2005 2014
2038 2044
2078 2087
2119 2152
2166 2208
2218 2250
2256 2265
2307 2313
2321 2329
2353 2400
2407 2414
2420 2443
2485 2524
2540 2554
2575 2601
2612 2666
2703 2765
2774 2805
2823 2829
2838 2857
2868 2906
2914 2936
2942 2948
2966 3030
3068 3075
3084 3091
3141 3151
3199 3257
3268 3299
3306 3329
3365 3419
3461 3469
3497 3507
3551 3569
3589 3596
3624 3634
3640 3742
3757 3824
3830 3838
3898 3919
3931 3944
3955 3991
4011 4021
4031 4039
4046 4113
4145 4151
4158 