35 61
69 94
144 189
205 227
345 355
373 395
413 419
438 520
526 555
561 576
582 614
674 713
786 794
809 837
845 874
881 915
922 935
989 1006
1013 1034
1043 1074
1086 1149
1190 1220
1284 1297
1357 1372
1380 1489
1510 1531
1551 1560
1582 1647
1686 1701
1710 1716
1722 1787
1793 1803
1814 1822
1845 1858
1892 1936
1945 1965
1979 2012
2062 2068
2074 2113
2120 2150
2156 2254
2264 2317
2326 2351
2359 2374
2408 2440
2446 2471
2482 2507
2527 2550
2557 2595
2629 2658
2696 2703
2735 2744
2755 2766
2782 2789
2799 2805
2880 2888
2898 2964
2971 3006
3012 3064
3078 3114
3152 3160
3166 3212
3224 3234
3259 3283
3299 3342
3350 3376
3432 3439
3446 3463
3504 3515
3524 3653
3673 3694
3716 3725
3731 3769
3810 3818
3824 3843
3851 3858
3888 3895
3910 3946
3955 3991
4039 4054
4124 4137
4193 4254
4261 4277
4304 4374
4382 4419
4428 4449
4474 4517
4542 4563
4569 