7 55
89 95
129 160
168 209
215 254
307 313
373 402
446 489
533 606
617 635
643 676
686 695
707 718
767 810
891 935
943 999
1022 1072
1081 1102
1112 1175
1185 1191
1198 1238
1252 1260
1270 1281
1333 1381
1448 1485
1542 1602
1619 1634
1670 1726
1733 1772
1783 1844
1851 1899
1933 1946
1954 2073
2084 2090
2125 2182
2191 2210
2232 2241
2254 2275
2283 2329
2335 2355
2363 2388
2424 2431
2474 2481
2487 2530
2563 2586
2598 2623
2650 2663
2787 2839
2929 2969
2983 3000
3028 3133
3182 3188
3234 3284
3316 3360
3400 3415
3478 3531
3579 3587
3610 3685
3746 3800
3807 3835
3841 3874
3882 3923
3929 3938
3967 4016
4066 4134
4154 4205
4227 4274
4290 4303
