94 104
111 117
152 161
221 247
292 298
318 343
350 383
395 491
513 525
536 543
578 601
650 658
664 694
751 766
795 855
861 869
915 956
974 1002
1016 1065
1114 1123
1149 1187
1238 1320
1371 1377
1424 1440
1448 1457
1463 1509
1515 1589
1595 1652
1678 1690
1702 1725
1766 1775
1782 1793
1821 1828
1844 1850
1878 1956
2003 2102
2112 2118
2124 2137
2149 2163
2190 2212
2227 2256
2287 2347
2353 2362
2369 2387
2401 2451
2462 2470
2509 2516
2533 2542
2615 2622
2685 2691
2768 2783
2829 2863
2876 2894
2900 2924
2940 2977
2983 3108
3114 3167
3179 3220
3255 3287
3295 3371
3378 3384
3392 3401
3451 3460
3468 3478
3552 3566
3573 3616
3628 3637
3670 3694
3702 3709
3718 3812
3835 3841
3878 3888
3931 3962
3971 3978
4006 4022
4029 4041
4063 4094
4144 4153
4163 4172
4204 4214
4243 4300
