8 32
66 80
147 260
267 274
283 289
296 355
367 403
485 520
562 622
663 676
716 753
762 822
830 868
878 915
948 955
961 970
982 998
1008 1046
1086 1096
1126 1170
1179 1185
1214 1221
1258 1325
1358 1402
1466 1515
1554 1562
1597 1604
1662 1670
1713 1719
1726 1765
1773 1835
1863 1870
1898 1917
1952 1965
1993 1999
2010 2031
2069 2120
2127 2240
2247 2276
2283 2302
2318 2331
2378 2414
2448 2457
2486 2517
2554 2563
2666 2751
2793 2806
2822 2849
2863 2871
2982 2994
3033 3041
3072 3119
3125 3135
3160 3168
3185 3193
3206 3236
3245 3258
3329 3346
3382 3402
3418 3424
3433 3453
3508 3518
3534 3542
3548 3561
3571 3581
3600 3631
3641 3670
3677 3727
3733 3773
3779 3785
3805 3816
3822 3830
3855 3873
3951 3961
3968 4005
4011 4049
4094 4102
4127 4139
4145 4169
4178 4239
