46 59
66 110
146 194
206 216
224 252
258 287
310 317
365 387
393 438
444 481
488 523
529 535
560 573
652 728
757 802
815 837
844 865
900 919
938 948
1009 1015
1076 1102
1113 1131
1154 1195
1201 1208
1231 1241
1247 1253
1278 1287
1299 1320
1331 1342
1363 1377
1396 1402
1414 1462
1482 1505
1511 1529
1553 1559
1606 1628
1692 1698
1705 1797
1806 1848
1858 1876
1895 1907
1915 1956
1967 2003
2028 2034
2041 2083
2089 2104
2127 2181
2215 2221
2241 2251
2258 2281
2314 2329
2339 2397
2403 2412
2446 2455
2477 2525
2535 2572
2654 2661
2675 2825
2860 2882
2907 2952
2985 2992
3026 3074
3110 3165
3172 3178
3185 3235
3268 3293
3304 3332
3338 3377
3389 3407
3413 3449
3482 3499
3531 3543
3595 3625
3631 3649
3681 3689
3718 3730
3746 3774
3797 3816
3837 3855
3863 3897
3906 3968
4038 4133
4158 4176
4202 4219
4225 4274
4283 4312
4371 4392
