12 19
55 61
68 125
134 170
176 288
295 331
337 371
387 406
417 449
456 500
510 595
607 616
634 642
650 718
725 783
791 805
815 826
900 935
977 984
1000 1021
1034 1048
1075 1102
1113 1129
1137 1185
1228 1240
1265 1277
1298 1307
1318 1330
1339 1346
1372 1380
1407 1422
1431 1487
1500 1508
1531 1539
1585 1596
1611 1617
1624 1631
1644 1653
1668 1676
1685 1697
1742 1749
1758 1771
1795 1832
1842 1853
1898 1905
1918 1942
1957 1980
1986 1996
2030 2049
2068 2075
2094 2137
2144 2232
2239 2245
2256 2285
2295 2372
2380 2440
2453 2533
2561 2567
2580 2673
2679 2691
2739 2780
2787 2810
2817 2825
2928 2936
2944 2975
3011 3021
3031 3124
3140 3157
3175 3191
3200 3206
3246 3283
3311 3322
3342 3377
3421 3440
3487 3502
3532 3539
3568 3608
3625 3631
3692 3699
3726 3755
3762 3836
3849 3858
3914 3928
3942 3953
4049 4065
4096 4103
4110 4123
4129 4151
