47 106
135 154
163 188
196 219
261 269
323 330
349 438
495 534
553 561
592 600
625 645
656 666
761 813
847 886
924 960
966 986
1039 1062
1090 1130
1142 1181
1189 1244
1292 1299
1311 1317
1375 1400
1419 1450
1514 1600
1608 1614
1638 1700
1710 1764
1775 1859
1865 1996
2009 2024
2034 2047
2059 2065
2076 2086
2097 2112
2128 2148
2211 2220
2241 2266
2274 2290
2370 2387
2411 2494
2501 2518
2533 2539
2592 2632
2639 2669
2675 2689
2722 2743
2755 2767
2855 2882
2896 2903
2928 2942
3057 3081
3087 3093
3102 3171
3181 3211
3218 3257
3272 3290
3303 3320
3365 3382
3424 3435
3460 3492
3501 3510
3517 3577
3616 3674
3707 3713
3759 3818
3860 3962
4010 4016
4049 4059
