33 39
47 74
86 140
147 165
237 252
290 327
338 360
380 393
400 412
437 457
463 474
492 515
528 537
576 587
597 709
717 725
741 748
773 779
785 794
822 831
839 882
889 946
963 969
1031 1084
1103 1159
1166 1194
1200 1228
1296 1307
1313 1323
1398 1470
1514 1522
1542 1549
1555 1576
1582 1631
1648 1678
1727 1785
1845 1851
1885 1901
1910 1939
1953 1972
1987 1995
2009 2017
2034 2096
2106 2136
2151 2168
2182 2237
2253 2271
2300 2310
2317 2327
2370 2395
2404 2456
2487 2567
2583 2596
2653 2720
2727 2734
2764 2776
2800 2820
2826 2835
2843 2858
2866 2909
2931 2963
2970 2980
3025 3061
3072 3104
3111 3152
3158 3173
3182 3222
3251 3369
3375 3383
3392 3430
3445 3451
3554 3608
3636 3654
3689 3704
3712 3718
3739 3758
3779 3796
3808 3853
3872 3895
3907 3937
3945 3955
3982 3992
4011 4055
4061 4069
4089 4146
