7 50
66 82
119 132
138 144
194 265
295 301
336 409
471 489
512 564
582 591
646 660
681 711
721 796
809 820
857 880
910 987
994 1009
1018 1025
1052 1097
1126 1172
1181 1194
1224 1232
1244 1250
1296 1334
1366 1426
1456 1462
1470 1486
1495 1509
1531 1546
1592 1617
1660 1666
1706 1713
1766 1817
1838 1856
1868 1875
1887 1904
1961 1967
1985 2060
2070 2082
2091 2100
2138 2188
2194 2279
2297 2344
2370 2377
2420 2436
2442 2480
2532 2550
2585 2632
2642 2732
2780 2807
2855 2914
2954 2962
3002 3031
3038 3054
3062 3069
3084 3113
3123 3160
3176 3205
3213 3249
3278 3294
3305 3349
3357 3390
3402 3429
3437 3453
3461 3468
3508 3514
3529 3590
3605 3627
3659 3671
3690 3749
3764 3807
3891 3930
3955 3962
3997 