27 46
52 100
121 130
139 153
171 269
283 314
389 408
501 516
615 642
648 677
693 706
724 793
800 835
847 865
899 914
921 927
954 973
1053 1061
1067 1086
1096 1105
1133 1157
1216 1222
1256 1267
1315 1321
1346 1378
1387 1408
1418 1431
1446 1463
1470 1498
1519 1527
1537 1560
1567 1609
1635 1641
1648 1688
1729 1746
1753 1799
1828 1834
1860 1896
1945 1984
2018 2032
2048 2076
2143 2149
2180 2200
2214 2244
2304 2355
2369 2404
2434 2463
2512 2527
2552 2582
2637 2646
2716 2752
2763 2771
2826 2857
2918 2972
3007 3017
3052 3061
3101 3112
3121 3252
3310 3320
3336 3342
3362 3383
3424 3431
3503 3521
3531 3537
3563 3589
3599 3626
3632 3653
3669 3699
3738 3766
3824 3840
3846 3852
3858 3928
3934 3969
3981 4021
4027 4052
4058 4087
