36 72
133 161
168 222
231 237
274 314
352 364
381 420
467 493
539 561
591 597
614 625
662 674
683 703
712 770
811 824
893 917
1076 1173
1191 1215
1226 1342
1366 1456
1466 1521
1533 1542
1550 1568
1609 1639
1656 1662
1671 1677
1695 1745
1755 1802
1809 1862
1880 1902
1910 1921
1927 1972
2049 2055
2062 2120
2130 2191
2216 2222
2228 2236
2315 2365
2431 2439
2463 2478
2485 2504
2510 2520
2555 2594
2610 2636
2657 2666
2704 2710
2769 2813
2882 2916
2963 2972
3019 3058
3069 3113
3120 3148
3174 3201
3248 3290
3306 3390
3400 3444
3467 3482
3548 3554
3622 3673
3704 3730
3749 3758
3799 3810
3816 3836
3882 3890
3928 3956
3963 3969
4004 4023
4030 4082
4091 4149
4157 4183
4198 4224
4244 4264
4284 4290
4318 4331
4348 4357
4383 4390
4397 4403
4410 4432
