56 65
87 93
124 138
149 167
224 237
243 250
324 347
379 403
415 421
466 483
490 501
517 525
559 568
592 609
616 631
673 679
694 747
754 762
801 807
898 904
936 943
950 1064
1076 1109
1115 1143
1240 1250
1266 1353
1374 1383
1411 1467
1479 1537
1592 1599
1614 1621
1627 1641
1676 1685
1702 1725
1811 1835
1852 1868
1918 1925
1962 1971
1982 2015
2021 2046
2083 2089
2103 2135
2161 2176
2239 2255
2266 2302
2308 2339
2371 2380
2427 2433
2440 2492
2555 2561
2590 2597
2663 2779
2826 2884
2894 2942
3021 3055
3101 3158
3192 3205
3238 3254
3264 3292
3302 3312
3377 3395
3439 3460
3477 3545
3593 3600
3607 3614
3627 3642
3656 3691
3699 3708
3725 3741
3773 3866
3927 3942
3949 3965
4009 4035
4059 4072
4078 4094
4103 4142
