11 19
25 218
233 301
345 373
391 399
426 466
484 490
563 590
607 697
733 740
789 803
810 847
856 897
914 952
990 999
1022 1055
1085 1100
1106 1156
1162 1206
1213 1243
1255 1420
1427 1446
1458 1466
1520 1589
1597 1605
1624 1640
1662 1668
1683 1722
1731 1739
1745 1751
1801 1815
1821 1868
1874 1893
1921 1938
1962 1969
2011 2017
2050 2058
2099 2107
2168 2179
2189 2214
2266 2279
2304 2311
2340 2385
2392 2404
2413 2438
2447 2543
2556 2605
2616 2628
2634 2640
2653 2663
2678 2685
2692 2708
2730 2736
2813 2827
2839 2858
2895 2903
2940 2965
2972 2993
3074 3080
3139 3146
3153 3188
3250 3279
3335 3351
3357 3429
3440 3448
3506 3520
3562 3570
3581 3588
3604 3613
3619 3628
3642 3688
3719 3728
3784 3791
3799 3812
3827 3874
3955 4010
4016 4024
4072 4085
4108 4133
4139 4153
4159 4196
4205 4264
4273 4285
4301 