95 146
194 203
230 237
305 347
354 384
392 398
410 468
533 567
603 639
645 665
672 728
773 779
820 892
900 919
971 980
1001 1072
1112 1122
1171 1196
1241 1259
1283 1338
1348 1375
1381 1395
1474 1482
1524 1561
1597 1608
1634 1640
1746 1801
1917 1923
1952 1974
2027 2060
2066 2130
2194 2248
2263 2279
2285 2304
2316 2338
2350 2357
2365 2388
2404 2410
2434 2462
2478 2495
2507 2529
2546 2637
2665 2672
2722 2729
2754 2785
2803 2876
2884 2894
2907 2937
3024 3030
3060 3080
3094 3104
3127 3151
3177 3203
3213 3234
3246 3267
3276 3283
3290 3372
3441 3526
3532 3583
3613 3636
3642 3662
3676 3714
3763 3805
3818 3860
3876 3909
3917 3923
3947 3986
3995 4034
4061 4067
4084 4120
4130 4177
4183 4205
4213 4220
