71 103
167 184
198 229
336 408
416 422
448 469
477 567
577 583
633 681
688 724
730 753
762 827
838 846
907 914
928 940
992 1028
1034 1078
1101 1167
1203 1209
1219 1228
1300 1354
1393 1400
1407 1413
1468 1482
1497 1551
1584 1590
1657 1716
1731 1754
1781 1803
1815 1836
1887 1931
1940 2000
2031 2184
2190 2198
2204 2215
2242 2329
2355 2362
2369 2401
2418 2469
2477 2489
2514 2531
2539 2631
2638 2673
2688 2697
2736 2778
2840 2849
2889 2908
2914 2958
2967 3037
3055 3127
3134 3155
3186 3203
3209 3220
3249 3265
3283 3307
3324 3359
3392 3400
3429 3451
3457 3552
3561 3570
3579 3616
3650 3692
3700 3707
3714 3734
3740 3762
3831 3837
3868 3877
3910 3994
4000 4006
4012 4042
4072 4086
4097 4109
4126 4145
4182 4228
