14 20
56 62
86 93
125 133
162 174
196 202
215 226
247 301
411 418
448 454
539 545
564 646
692 698
754 761
789 796
806 812
836 846
854 870
878 884
934 950
960 966
995 1003
1022 1059
1067 1096
1167 1193
1203 1222
1236 1266
1298 1315
1347 1357
1407 1413
1420 1467
1474 1501
1513 1521
1555 1609
1617 1649
1694 1703
1715 1737
1789 1914
1948 1959
2009 2039
2045 2084
2093 2099
2106 2114
2142 2152
2158 2248
2254 2268
2291 2301
2315 2326
2332 2342
2362 2368
2395 2438
2495 2514
2544 2550
2562 2573
2614 2738
2824 2837
2852 2858
2938 2953
2960 2972
3001 3008
3019 3044
3056 3085
3105 3122
3139 3145
3156 3203
3239 3246
3259 3265
3318 3325
3338 3350
3396 3438
3468 3474
3498 3508
3519 3556
3562 3594
3617 3623
3631 3639
3660 3686
3712 3730
3742 3755
3763 3797
3884 3894
3900 3962
3985 4001
4023 4098
4107 4123
4136 4155
4201 4208
4220 4229
4239 4264
4274 4281
4290 4351
4396 4405
4435 4444
4474 4499
4509 4536
4574 4627
4635 4661
