34 48
98 110
128 180
204 213
221 236
245 280
288 297
347 371
377 403
411 420
443 488
500 530
536 558
588 595
626 654
710 728
737 794
808 819
826 872
886 914
921 964
970 1036
1058 1130
1136 1160
1195 1232
1360 1367
1407 1413
1429 1479
1488 1519
1561 1592
1599 1614
1623 1632
1663 1689
1698 1744
1756 1763
1781 1819
1865 1883
1924 1933
1941 1994
2061 2071
2079 2088
2094 2159
2197 2204
2238 2303
2318 2350
2400 2449
2479 2495
2503 2531
2538 2570
2659 2714
2735 2781
2825 2835
2841 2867
2875 2895
2950 3002
3008 3042
3087 3094
3128 3202
3211 3227
3303 3314
3326 3337
3370 3402
3410 3417
3427 3463
3505 3521
3539 3553
3595 3634
3689 3695
3701 3762
3837 3974
4008 4017
4057 4066
4126 4133
4150 4171
4206 4212
4220 4256
4319 4359
