6 26
87 117
134 158
189 221
264 296
302 325
394 459
467 481
578 584
596 603
682 695
713 719
729 760
796 833
882 917
965 977
993 1000
1032 1071
1084 1115
1131 1148
1185 1198
1205 1221
1227 1257
1267 1323
1334 1350
1376 1432
1442 1482
1561 1567
1573 1590
1630 1638
1696 1729
1738 1806
1885 1891
1922 1933
1940 1974
1982 2020
2052 2063
2115 2200
2230 2286
2300 2319
2329 2341
2391 2431
2440 2483
2520 2624
2650 2718
2726 2764
2794 2817
2824 2883
2901 2910
2941 2949
2974 3022
3032 3041
3050 3083
3129 3198
3205 3221
3264 3282
3290 3297
3309 3315
3329 3346
3354 3403
3438 3447
3454 3510
3552 3561
3593 3630
3666 3684
3716 3728
