23 59
68 150
159 181
210 275
281 290
301 310
399 414
425 501
543 553
562 573
585 593
605 613
635 642
670 679
690 697
715 757
770 798
818 841
913 935
977 1018
1032 1057
1069 1115
1123 1145
1154 1201
1209 1232
1254 1263
1302 1349
1361 1421
1428 1437
1447 1476
1489 1496
1561 1568
1582 1595
1626 1635
1646 1652
1674 1703
1711 1728
1845 1855
1908 1941
1950 1991
1998 2004
2017 2040
2061 2082
2105 2112
2155 2163
2192 2233
2289 2354
2413 2480
2488 2516
2529 2546
2575 2602
2611 2640
2650 2677
2694 2728
2735 2764
2780 2795
2809 2839
2849 2865
2872 2902
2913 2992
3008 3018
3045 3054
3077 3102
3161 3183
3266 3316
3329 3356
3397 3480
3493 3514
3527 3551
3557 3563
3644 3655
3667 3704
3737 3766
3812 3847
3891 3900
3924 3930
3943 3949
3956 3991
3999 4014
4025 4106
4122 4148
4243 4256
4276 4285
4292 4305
4322 