12 61
74 80
103 111
138 150
217 236
245 289
302 324
332 339
400 406
412 427
471 517
530 566
603 629
636 643
657 724
732 738
776 804
825 835
888 997
1004 1038
1071 1091
1097 1112
1120 1132
1185 1196
1248 1266
1303 1312
1363 1379
1411 1417
1427 1451
1458 1466
1475 1484
1501 1521
1658 1683
1697 1726
1753 1770
1776 1806
1843 1876
1886 1898
1906 2003
2026 2033
2056 2062
2097 2117
2174 2185
2191 2198
2225 2232
2264 2270
2324 2330
2339 2367
2431 2446
2462 2502
2535 2584
2623 2636
2651 2669
2678 2689
2709 2759
2765 2774
2814 2820
2853 2911
2965 2973
2984 3010
3077 3092
3105 3140
3147 3216
3247 3307
3317 3334
3382 3390
3408 3415
3430 3495
3571 3579
3625 3633
3693 3713
3745 3752
3796 3830
3867 3891
3936 3972
3996 4003
4024 4042
4048 4057
4081 4095
4106 4112
4119 4165
4210 4239
4247 4300
