37 52
102 150
170 248
334 346
364 376
388 400
418 428
559 565
578 591
609 630
655 728
735 756
829 842
855 891
906 981
992 1003
1029 1066
1095 1101
1115 1149
1157 1181
1207 1214
1226 1250
1256 1270
1312 1344
1382 1413
1441 1458
1491 1500
1506 1552
1659 1675
1717 1746
1795 1863
1869 1889
1895 1932
1987 1995
2001 2042
2049 2081
2195 2272
2310 2316
2340 2349
2365 2371
2383 2428
2435 2448
2485 2491
2522 2591
2670 2711
2727 2739
2755 2762
2801 2807
2838 2862
2870 2886
2894 2917
2942 2994
3001 3007
3022 3045
3088 3099
3172 3263
3308 3326
3335 3397
3405 3462
3470 3480
3495 3510
3519 3536
3572 3581
3631 3673
3679 3704
3712 3753
3762 3778
3871 3886
3907 3923
3977 3989
4004 4012
4133 4156
4164 4218
4224 4236
4253 4271
4278 