91 102
114 153
163 200
210 216
240 266
322 335
354 361
400 443
459 496
601 614
622 682
688 726
751 787
890 948
958 975
998 1054
1117 1127
1143 1199
1207 1260
1270 1291
1333 1363
1378 1412
1420 1456
1463 1495
1501 1507
1555 1601
1677 1689
1696 1706
1713 1730
1747 1760
1814 1823
1891 1907
1936 1946
1980 1991
2016 2059
2065 2085
2093 2124
2131 2140
2173 2188
2232 2240
2247 2301
2364 2438
2469 2479
2503 2525
2545 2565
2612 2625
2673 2699
2801 2808
2823 2829
2875 2900
2962 2970
3047 3063
3095 3110
3150 3280
3286 3314
3321 3327
3334 3467
3507 3526
3569 3590
3598 3620
3627 3634
3667 3710
3763 3809
3824 3869
3886 3899
3993 4019
4034 4064
4074 4172
4180 4187
4210 4217
4280 4287
4361 4383
