18 31
56 63
132 143
150 172
178 202
294 301
320 328
417 425
435 447
472 483
496 576
584 627
638 665
698 707
718 726
739 757
763 773
781 894
908 935
978 1009
1017 1031
1041 1052
1065 1077
1115 1224
1238 1278
1390 1401
1438 1449
1455 1462
1483 1508
1517 1527
1554 1563
1586 1657
1709 1716
1724 1748
1770 1778
1798 1808
1841 1859
1867 1960
1973 1979
1999 2059
2161 2168
2177 2229
2237 2302
2320 2346
2353 2410
2418 2448
2485 2538
2545 2559
2574 2603
2612 2618
2637 2645
2653 2719
2742 2750
2762 2770
2814 2838
2920 2927
2965 2980
3010 3061
3175 3192
3214 3221
3302 3319
3327 3343
3360 3398
3405 3458
3495 3534
3569 3575
3585 3626
3667 3742
3830 3849
3869 3878
3884 3914
3942 3954
3964 3989
4002 4036
4066 4129
4151 4160
4167 4183
4226 4241
4274 4282
4296 4308
4383 4397
4403 4446
4490 4512
4529 4608
4655 4675
4699 4714
4738 4766
