45 54
60 70
84 90
147 195
221 227
234 244
254 305
369 378
385 435
466 476
506 514
555 595
643 649
662 682
702 714
723 730
737 774
827 866
880 918
924 975
1046 1124
1138 1234
1244 1307
1317 1372
1384 1432
1442 1454
1543 1594
1670 1712
1740 1772
1778 1806
1832 1865
1923 1935
1955 1961
2021 2038
2054 2093
2099 2121
2127 2137
2164 2196
2267 2275
2323 2350
2376 2382
2388 2454
2460 2484
2492 2506
2513 2529
2543 2550
2591 2597
2606 2628
2635 2644
2725 2739
2791 2809
2843 2885
2891 2912
2918 2937
2972 2993
3000 3023
3032 3150
3157 3183
3283 3370
3396 3402
3422 3484
3514 3532
3538 3553
3564 3580
3596 3603
3630 3647
3655 3663
3731 3740
3750 3843
3849 3856
3878 3889
3998 4008
4015 4022
4035 4044
4050 4079
4085 4121
4136 4147
4171 4178
4191 4299
4320 4361
4393 